22
20
294
1131
70
90
118
46
89
1164
1158
326
174
197
399
41
53
56
86
65
3
97
103
121
8
130
146
239
351
261
413
441
1197
1193
1207
1212
1245
1262
1285
1287
1222
1246
1307
1384
1393
418
427
435
10
299
423
126
48
412
137
119
226
377
400
21
232
215
110
116
94
362
416
1329
1236
1354
1356
1342
1321
1138
1157
1183
1304
1303
1283
1296
1269
1310
1196
383
414
1378
1399
104
264
257
26
281
49
307
325
98
102
1170
144
194
202
237
332
358
367
369
373
312
1176
1266
76
81
83
431
1192
389
352
395
1280
296
1248
1318
1282
1240
1239
1215
1374
1319
1389
1379
37
27
7
64
451
18
43
100
52
1143
1175
1147
1145
445
391
385
23
244
278
323
181
187
250
402
253
1210
1161
1184
268
1237
1268
1316
1255
127
1366
1349
1130
270
277
1132
36
297
295
438
1167
271
134
1177
1159
1146
150
165
168
175
177
222
219
337
349
370
310
132
247
200
211
1178
1180
378
96
458
387
324
368
1136
1270
1217
1230
1311
1314
1368
1343
1218
1325
1326
1388
1257
1300
1284
1301
1361
1339
1340
432
460
406
82
1135
159
188
208
348
376
13
101
9
1348
1334
1331
1345
394
230
245
430
6
333
346
372
1185
1213
1205
1407
291
280
313
50
63
67
68
80
62
248
279
338
363
374
1235
1214
227
60
61
199
1181
263
366
397
156
92
1220
396
1189
1252
1373
1288
1297
1298
1258
1381
114
1127
459
421
4
31
285
29
319
454
289
1169
1142
129
93
300
422
195
379
380
364
105
203
361
1179
1188
298
290
260
182
16
45
254
256
444
1351
1198
1358
1386
1360
1390
1391
1327
1344
1233
1253
1376
417
415
434
19
1149
276
282
28
95
1173
411
185
184
163
342
12
266
231
14
169
148
170
91
311
274
350
334
287
306
1371
1346
189
347
1187
1166
1308
1289
1242
1194
1404
1382
1392
1152
229
439
449
246
235
5
38
71
317
117
131
1150
265
1403
143
209
1129
192
382
356
365
166
180
24
1182
344
386
302
255
1357
1364
1408
1151
1211
1238
1219
1224
1291
1293
1328
1306
1355
1317
329
225
283
34
42
79
75
1165
147
153
210
401
125
1200
1209
453
425
1195
1202
322
393
236
273
1320
1315
1323
1337
1322
1294
1353
238
155
140
205
1232
1290
1274
1362
240
267
2
1148
74
32
54
128
1153
315
172
157
193
204
354
359
269
139
223
99
72
78
1
171
178
179
164
429
249
355
87
1395
1394
1247
1330
1241
1251
1401
304
318
1243
1272
1144
1228
1186
1208
1370
1141
284
308
316
1162
1168
1171
1160
145
55
330
183
214
217
1267
1260
1249
452
1134
1172
331
437
17
259
1347
1292
384
107
113
666
272
51
314
69
120
136
77
109
328
141
336
341
1259
1244
390
262
398
138
407
1234
1201
228
11
152
160
213
84
1405
286
1191
252
419
57
1276
1336
1263
1295
1398
1387
1352
409
448
241
258
293
66
85
1155
123
446
305
320
190
162
206
408
198
220
221
224
371
381
388
233
186
191
321
1299
1261
1156
1277
1226
456
440
392
1204
135
1174
167
1406
339
47
301
303
1256
1372
1367
1397
1383
115
424
428
442
35
443
288
39
88
1137
457
173
196
33
44
161
73
133
420
243
309
1365
1363
1350
1380
1254
1227
1203
1271
1223
1139
1190
1199
1312
1324
1279
1305
1281
405
234
455
251
1140
25
58
327
124
122
106
1154
410
275
154
149
1125
207
216
357
1335
1377
1400
1385
403
1302
1313
1309
242
1225
1128
1163
292
340
1231
15
30
40
201
212
108
176
142
111
1250
1273
1275
1278
112
433
450
59
426
1402
1133
151
436
158
343
353
335
345
1265
218
1286
1333
1338
1332
1216
1341
1396
1359
1264
1375
360
1229
375
1369
447
1206
1221
404
